-2.355536 -2.420485 -1.769563 -1.283164 -2.387726 -2.096359 -1.272982 -1.255562 -2.193670 -2.294989 -1.534127 -0.869718
-3.045491 -2.349007 -1.893675 -1.282392 -2.559856 -2.733941 -2.260979 -0.901869 -2.774935 -2.724637 -1.903324 -1.137711
-2.224477 -2.386927 -1.924662 -1.882170 -2.373769 -2.229826 -1.537000 -1.055688 -2.439500 -2.431542 -1.734106 -1.870632
-2.894390 -2.492037 -2.463897 -1.432349 -2.437293 -2.160092 -1.461321 -1.413573 -3.040346 -2.171106 -2.063193 -1.080354
-2.806137 -2.115398 -1.779864 -1.637339 -2.094861 -1.909103 -1.628422 -1.162759 -2.528453 -2.256852 -2.608617 -1.370159
-2.790084 -2.233003 -1.714889 -1.091445 -2.670616 -1.744192 -1.566900 -0.972270 -2.468093 -2.099091 -2.121125 -1.463926
-2.542396 -2.517691 -1.996052 -1.296130 -2.296748 -1.953886 -1.872306 -1.506842 -2.320099 -2.214830 -1.838235 -1.471604
-2.996858 -2.126311 -1.914630 -1.487069 -2.255456 -1.864384 -1.302833 -1.350940 -2.535688 -1.931533 -2.138042 -1.656578
-2.981210 -2.644114 -1.840349 -1.278079 -2.188551 -1.808640 -1.901664 -0.769776 -2.864969 -2.252932 -1.965909 -1.471967
-2.651227 -2.249520 -1.866618 -1.414361 -2.610152 -2.195882 -2.066137 -1.327480 -2.826438 -1.603837 -2.200874 -1.407066
-3.071682 -2.646919 -1.829169 -1.690539 -2.489248 -2.176892 -1.804280 -1.738066 -3.004462 -2.234431 -1.718440 -1.564599
-2.698260 -1.998588 -1.500381 -1.715658 -2.518123 -1.769453 -1.768295 -1.245014 -2.719802 -2.501230 -1.971516 -1.448741
-2.801743 -2.000964 -1.980593 -1.549672 -2.314577 -2.333920 -1.661037 -1.619783 -2.406483 -2.347722 -1.977306 -1.750943
-2.700216 -2.479381 -1.993718 -1.119461 -2.532674 -2.337773 -1.610061 -1.322582 -2.550772 -1.921205 -2.108518 -1.327717
-2.677051 -2.055419 -1.917789 -1.232225 -2.925057 -1.647463 -1.434668 -1.269591 -3.060527 -2.118558 -1.739546 -1.442969
-2.660412 -2.425337 -1.768143 -1.367716 -2.558608 -2.403887 -1.475675 -1.093348 -2.907352 -2.677957 -1.809105 -1.527652
-2.635123 -2.602811 -2.100138 -1.169936 -2.387849 -1.923206 -1.197055 -1.199692 -3.198508 -2.195866 -1.567514 -0.926495
-3.042491 -2.567024 -2.036800 -1.704894 -2.650229 -2.116172 -1.951168 -0.722654 -2.671332 -2.300337 -1.736440 -1.432026
-2.731297 -1.910113 -1.914602 -1.762280 -2.392376 -2.157706 -1.781311 -1.498930 -2.591184 -2.322815 -1.731428 -1.499971
-2.862901 -1.966751 -1.928286 -1.204392 -2.789188 -2.186357 -1.718200 -1.329638 -2.361099 -2.285001 -1.799288 -1.676973
