-3.439455 -3.088855 -3.178318 -3.348789 -3.718674 -2.857081 -3.334593 -3.815256 -3.009607 -3.679691 -3.884709 -3.708733
-3.580239 -3.331270 -3.166550 -4.033610 -3.526015 -3.458100 -3.944934 -3.922226 -2.958863 -3.097412 -3.440708 -4.278915
-3.236889 -3.068844 -3.311904 -3.780693 -4.114462 -3.453779 -3.467530 -3.793500 -3.173466 -3.258806 -3.674827 -3.330455
-3.079572 -3.761077 -3.141389 -3.362110 -3.057261 -3.970858 -3.810447 -3.616587 -3.207573 -3.283872 -2.817984 -3.968962
-3.854650 -3.306167 -3.762141 -3.589636 -3.548198 -2.808452 -3.676767 -3.950442 -3.270568 -3.129507 -3.526660 -4.211133
-3.222076 -3.160203 -3.544165 -3.502927 -3.348425 -3.489435 -3.494944 -3.509358 -3.594608 -3.398322 -3.577151 -3.951124
-3.530998 -3.577496 -3.379820 -3.848345 -3.539949 -3.423044 -4.010669 -3.493479 -3.366068 -3.331537 -3.540560 -3.723520
-2.677875 -3.635874 -3.212221 -3.713976 -3.555045 -3.492698 -3.415624 -3.934897 -3.452314 -3.342447 -3.259283 -3.745486
-3.636798 -3.780279 -3.786381 -3.881581 -3.310911 -3.270920 -3.770040 -4.141405 -3.038558 -3.305639 -3.208658 -4.228192
-3.194494 -2.982267 -3.338610 -3.973214 -3.084724 -3.733647 -3.775674 -3.450981 -3.307733 -3.139712 -3.643230 -4.196357
-3.475335 -3.714832 -3.701149 -3.824342 -3.350490 -3.545043 -3.071994 -4.223041 -3.345137 -3.283551 -3.067329 -3.696892
-2.848945 -3.881643 -3.121955 -3.930616 -3.387412 -3.804895 -3.599494 -3.271639 -2.494041 -3.711325 -3.410080 -3.306892
-3.279387 -3.453728 -3.647295 -3.544098 -2.885254 -3.265783 -3.543599 -3.897802 -3.071185 -3.553137 -3.639639 -3.394494
-3.088086 -3.315971 -3.632544 -3.444138 -2.904009 -3.732851 -3.623009 -3.792521 -3.394197 -3.687898 -3.556592 -3.526795
-2.777637 -3.961022 -3.766594 -3.816877 -3.803430 -3.697229 -3.872861 -4.024012 -3.877340 -3.324250 -3.745439 -3.267301
-2.981903 -3.824335 -3.526343 -3.901579 -3.037999 -3.456148 -3.806762 -3.675722 -3.174907 -3.437661 -2.949895 -3.882264
-3.361926 -3.852057 -3.568020 -3.456341 -3.925899 -3.547089 -3.994150 -3.374660 -2.813321 -3.287925 -3.127061 -3.983644
-2.935494 -3.563779 -3.459575 -3.813267 -3.388046 -3.308234 -4.030801 -3.882516 -3.169388 -3.509316 -3.524464 -3.819112
-2.735187 -3.174019 -2.666102 -3.961971 -3.060173 -2.842660 -3.549361 -4.132164 -3.522587 -3.398900 -3.163125 -3.498328
-3.862200 -3.598382 -3.558579 -4.160888 -3.096124 -4.210470 -3.596668 -3.924608 -3.368039 -3.473370 -3.461424 -3.604550
